001 60 140 120 80 0.85
002 40 80 240 160 1.78
003 60 100 120 80 0.97
006 120 140 120 80 2.73
010 0 144 96 64 0.82
010 40 240 120 80 1.13
011 80 40 240 160 0.73
012 64 160 96 64 0.57
012 60 240 120 80 1.03
013 100 140 120 80 2.08
014 60 140 120 80 1.64
015 0 80 240 160 1.52
016 26 133 160 106 0.48
018 80 80 240 160 2.39
020 53 106 160 106 0.99
021 53 106 160 106 1.78
022 0 160 240 160 1.22
023 220 260 120 80 1.36
023 0 80 160 106 1.65
023 213 80 160 106 1.48
024 53 133 160 106 0.5
027 32 144 96 64 1.44
027 20 300 120 80 0.56
027 240 80 160 106 0.87
028 16 64 96 64 0.55
028 64 208 96 64 1.79
028 64 336 96 64 2.7
029 20 120 120 80 2.35
030 16 288 96 64 0.95
030 60 140 120 80 1.04
031 40 40 240 160 1.18
032 106 80 160 106 1.34
033 106 133 160 106 0.58
034 120 160 120 80 2.32
035 96 192 96 64 0.93
035 40 180 120 80 0.53
035 120 60 120 80 1.51
037 26 133 160 106 0.92
039 80 80 240 160 1.18
040 0 80 240 160 1.5
041 16 112 96 64 0.92
043 80 144 96 64 1.47
044 80 80 240 160 1.13
045 20 260 120 80 1.5
046 64 208 96 64 2.7
047 80 80 240 160 1.88
048 40 100 120 80 1.25
049 40 200 120 80 0.93
050 48 80 96 64 1.27
051 80 80 96 64 0.82
051 40 220 120 80 2.18
052 16 144 96 64 1.75
053 26 53 160 106 0.49
053 40 80 240 160 1.87
053 120 80 240 160 0.75
054 80 160 96 64 3.04
056 26 186 160 106 1.74
057 26 80 160 106 0.87
058 32 256 96 64 1.69
058 20 20 120 80 2.05
058 20 140 120 80 2.56
058 20 340 120 80 1.73
059 20 40 120 80 0.47
059 20 180 120 80 2.04
060 80 176 96 64 2.97
063 26 53 160 106 1.48
063 53 213 160 106 1.38
063 266 26 160 106 1.78
063 266 213 160 106 2.3
064 128 160 96 64 2.61
066 53 80 160 106 1.83
067 40 40 240 160 2.91
067 40 240 240 160 2.6
069 16 80 96 64 0.96
069 32 64 96 64 0.75
069 48 304 96 64 1.25
070 48 224 96 64 3.67
071 40 100 120 80 0.69
073 53 133 160 106 0.98
076 26 106 160 106 2.1
077 16 48 96 64 2.19
080 40 200 240 160 0.7
084 20 100 120 80 2.72
085 80 40 240 160 0.99
086 53 106 160 106 1.78
088 0 200 240 160 2.05
089 80 80 240 160 0.76
090 80 80 240 160 3.79
092 80 140 120 80 1.43
093 26 106 160 106 1.38
094 40 240 240 160 1.89
096 120 120 240 160 0.45
097 40 120 240 160 1.54
098 48 128 96 64 2.64
100 40 180 120 80 2.25
100 40 320 120 80 2.76
100 220 240 120 80 2.52
100 240 40 120 80 3.72
100 0 26 160 106 1.41
102 16 160 96 64 1.87
103 40 160 120 80 2.18
105 20 160 120 80 0.94
106 40 100 120 80 1.69
108 40 100 120 80 1.13
110 53 80 160 106 2.63
111 40 40 240 160 1.86
112 0 40 240 160 2.21
113 40 120 120 80 2.26
114 20 200 120 80 1.23
114 220 20 120 80 0.56
116 96 224 96 64 2.18
116 20 20 120 80 2.64
117 80 40 240 160 0.8
119 32 128 96 64 0.98
120 40 180 120 80 2.08
121 26 133 160 106 2.79
122 32 112 96 64 1.29
123 106 213 160 106 2.04
124 26 106 160 106 0.92
125 16 96 96 64 1.42
126 80 80 240 160 1.76
127 96 352 96 64 2.45
127 60 200 120 80 2.62
128 40 40 120 80 0.84
129 0 53 160 106 2.16
129 0 293 160 106 2.65
130 53 266 160 106 2.38
132 48 96 96 64 2.19
132 0 186 160 106 0.56
133 48 128 96 64 1.96
133 60 240 120 80 2.03
134 40 80 240 160 2.21
137 256 64 96 64 0.61
140 20 140 120 80 1.77
140 20 260 120 80 0.85
141 0 160 240 160 2.16
142 40 80 240 160 1.25
144 304 112 96 64 0.67
144 0 80 160 106 3.01
147 106 106 160 106 0.47
148 80 160 160 106 0.95
149 40 280 120 80 2.43
150 32 112 96 64 1.45
152 48 112 96 64 2.43
153 80 160 240 160 1.73
155 40 120 120 80 0.66
156 32 288 96 64 2.02
156 60 80 120 80 2.53
157 120 40 240 160 1.49
158 186 26 160 106 0.7
158 40 80 240 160 0.49
158 80 120 240 160 0.7
159 40 80 240 160 1.89
163 26 213 160 106 2.04
165 160 80 160 106 1.12
166 20 160 120 80 0.83
167 53 26 160 106 1.89
168 0 186 160 106 1.5
172 40 80 240 160 1.17
174 80 40 240 160 0.75
176 106 106 160 106 1.85
177 32 320 96 64 0.65
177 60 60 120 80 1.78
178 53 186 160 106 0.48
179 40 80 240 160 1.28
181 16 208 96 64 3.21
183 20 80 120 80 2.22
185 0 40 240 160 0.62
186 32 208 96 64 1.44
187 133 53 160 106 0.84
188 272 256 96 64 0.61
188 0 160 160 106 1.65
189 60 100 120 80 1.87
190 26 80 160 106 1.88
191 48 80 96 64 0.87
193 53 293 160 106 1.28
194 26 160 160 106 0.7
196 60 140 120 80 1.57
198 0 160 240 160 1.41
200 48 48 96 64 0.99
202 186 106 160 106 1.42
205 80 180 120 80 1.5
206 160 133 160 106 0.81
206 40 120 240 160 1.91
207 48 240 96 64 1.73
207 100 80 120 80 0.9
208 186 80 160 106 1.83
209 0 80 240 160 1.41
210 40 80 240 160 1.97
211 100 100 120 80 0.96
211 26 266 160 106 1.62
212 20 160 120 80 2.39
213 40 140 120 80 1.6
216 80 160 120 80 0.68
217 53 133 160 106 2.34
218 64 224 96 64 1.49
218 40 60 120 80 1.96
219 20 200 120 80 1.46
220 53 106 160 106 2.77
221 40 80 240 160 1.59
223 32 112 96 64 1.33
225 80 133 160 106 0.55
228 80 140 120 80 1.63
229 80 40 240 160 2.22
230 80 80 240 160 1.12
231 20 80 120 80 1.12
232 26 133 160 106 0.56
233 40 40 240 160 1.74
234 0 80 240 160 0.87
235 0 260 120 80 0.67
236 40 80 240 160 2.33
238 133 106 160 106 1.83
239 80 144 96 64 0.46
239 0 280 120 80 1.98
240 26 106 160 106 0.5
242 0 106 160 106 2.07
243 32 256 96 64 1.14
244 80 80 240 160 1.08
246 26 186 160 106 1.64
248 32 64 96 64 0.84
249 16 208 96 64 1.11
249 80 48 96 64 0.93
249 100 320 120 80 1.58
250 40 280 120 80 0.71
252 192 144 96 64 2.23
254 100 160 120 80 2.18
256 40 120 240 160 1.67
257 60 140 120 80 2.25
258 0 96 96 64 1.3
261 40 160 120 80 3.12
264 80 64 96 64 1.15
264 20 240 120 80 1.8
265 0 32 96 64 1.11
266 53 106 160 106 2.66
267 40 80 240 160 0.73
269 26 80 160 106 0.72
270 0 40 240 160 1.78
270 40 240 240 160 1.19
272 40 140 120 80 1.5
273 26 160 160 106 0.9
274 80 128 96 64 1.61
275 0 80 96 64 1.71
275 16 96 96 64 1.36
276 32 144 96 64 1.25
277 16 80 96 64 2.11
277 40 280 120 80 0.51
278 80 80 240 160 1.28
279 140 140 120 80 0.84
280 40 200 120 80 2.37
282 20 120 120 80 1.48
283 53 133 160 106 1.52
284 80 40 240 160 1.78
285 26 160 160 106 0.72
286 100 80 120 80 2.32
286 0 200 240 160 0.51
287 40 120 120 80 0.66
288 0 96 96 64 2.15
289 60 160 120 80 0.88
289 60 360 120 80 1.41
289 80 20 120 80 2.58
290 60 0 120 80 0.63
291 0 64 96 64 3.08
291 32 304 96 64 1.88
292 20 140 120 80 2.49
295 80 60 120 80 1.17
295 26 213 160 106 3.23
295 240 26 160 106 0.65
295 266 213 160 106 0.98
296 0 224 96 64 0.88
296 26 53 160 106 2.93
297 20 160 120 80 1.48
298 53 266 160 106 0.93
298 106 53 160 106 1.67
299 0 80 240 160 0.92
300 80 133 160 106 1.77
301 80 160 240 160 1.52
302 186 133 160 106 0.52
304 26 80 160 106 1.07
305 32 112 96 64 3.42
308 32 176 96 64 2.78
309 120 40 240 160 0.86
310 192 256 96 64 0.95
312 20 260 120 80 1.3
313 26 186 160 106 1.24
314 48 80 96 64 1.88
317 32 128 96 64 2.81
319 20 140 120 80 1.6
320 40 40 240 160 2.13
321 40 140 120 80 2.34
322 160 80 240 160 0.45
323 40 40 240 160 0.49
325 64 112 96 64 2.12
326 80 80 240 160 1.82
328 16 96 96 64 3.09
328 32 288 96 64 1.23
328 64 176 96 64 1.09
329 20 160 120 80 2.98
330 20 160 120 80 1.97
331 48 208 96 64 1.85
331 64 352 96 64 3.69
331 0 40 120 80 2.4
333 160 200 120 80 0.45
333 133 80 160 106 1.64
334 80 352 96 64 2.18
334 40 200 120 80 2.61
335 133 106 160 106 1.79
337 48 128 96 64 2.24
338 53 160 160 106 0.81
339 53 53 160 106 0.99
341 16 128 96 64 2.58
342 368 304 96 64 0.46
343 80 40 240 160 1.2
344 40 200 120 80 1.5
345 224 144 96 64 0.5
346 26 160 160 106 1.9
348 133 106 160 106 0.98
349 40 80 240 160 0.85
350 176 32 96 64 0.46
350 0 80 240 160 2.83
351 0 64 96 64 1.71
351 32 304 96 64 2.15
352 192 304 96 64 0.53
352 20 160 120 80 1.69
353 80 120 120 80 0.79
354 120 120 240 160 0.87
355 0 80 240 160 1.63
357 120 180 120 80 2.39
358 0 160 240 160 0.97
359 240 40 120 80 0.77
359 120 80 240 160 0.79
361 0 40 240 160 1.6
362 26 106 160 106 1.45
363 53 160 160 106 1.64
365 20 100 120 80 0.49
366 26 106 160 106 0.51
367 40 80 240 160 1.99
368 0 320 120 80 1.1
368 140 60 120 80 0.6
369 80 120 240 160 3.36
370 80 80 160 106 1.14
371 40 100 120 80 1.14
373 80 133 160 106 1.79
375 0 80 160 106 1.15
376 53 133 160 106 2.74
378 0 160 240 160 0.98
379 40 80 240 160 2.18
382 80 186 160 106 2.38
383 40 100 120 80 1.88
384 40 120 240 160 1.23
385 80 120 240 160 1.01
388 16 352 96 64 1.87
388 32 112 96 64 1.37
389 240 128 96 64 0.79
389 26 0 160 106 1.29
390 0 40 240 160 1.63
391 20 80 120 80 0.5
392 32 112 96 64 1.51
393 20 120 120 80 3.44
394 26 80 160 106 0.88
395 40 160 120 80 1.05
396 48 160 96 64 0.71
397 40 200 120 80 1.19
398 0 80 160 106 1.0
399 60 120 120 80 1.1
400 96 352 96 64 1.29
400 20 180 120 80 2.75
403 80 40 240 160 0.89
404 220 100 120 80 1.03
407 48 224 96 64 1.59
408 80 80 240 160 2.62
409 80 40 240 160 1.5
412 32 176 96 64 1.82
412 0 60 120 80 1.59
412 133 0 160 106 0.86
413 300 360 120 80 0.63
415 53 106 160 106 1.73
416 0 240 160 106 1.0
416 80 160 160 106 1.23
417 32 96 96 64 1.24
417 0 320 120 80 0.98
419 20 80 120 80 0.99
419 20 260 120 80 1.77
420 180 120 120 80 1.41
421 80 200 240 160 2.13
422 26 53 160 106 1.03
422 240 240 160 106 1.97
422 266 26 160 106 0.53
424 32 224 96 64 1.89
427 48 96 96 64 1.58
428 16 112 96 64 2.28
429 64 96 96 64 0.5
429 0 300 120 80 1.91
431 26 186 160 106 1.12
434 80 106 160 106 0.79
435 32 96 96 64 1.01
435 32 256 96 64 0.48
436 80 80 240 160 0.65
437 26 53 160 106 2.87
437 26 213 160 106 0.74
438 40 180 120 80 2.57
439 20 120 120 80 3.48
440 40 260 120 80 2.36
440 80 80 120 80 2.07
441 48 32 96 64 1.43
441 20 180 120 80 2.37
441 40 320 120 80 1.9
442 40 80 240 160 1.22
443 26 160 160 106 0.76
444 53 133 160 106 1.22
445 120 80 240 160 0.48
446 20 120 120 80 0.79
447 40 80 240 160 1.82
448 16 192 96 64 1.93
448 48 96 96 64 2.12
449 40 80 120 80 2.01
453 0 120 120 80 1.26
454 120 80 240 160 0.54
455 40 80 240 160 1.13
457 0 106 160 106 2.11
458 60 240 120 80 1.42
460 80 176 96 64 1.52
461 0 80 240 160 3.01
464 64 96 96 64 1.59
465 40 80 240 160 1.26
469 32 144 96 64 1.34
470 80 160 96 64 0.98
471 20 140 120 80 0.91
473 20 160 120 80 1.11
474 256 304 96 64 1.22
474 53 133 160 106 1.8
475 26 186 160 106 1.9
476 80 272 96 64 2.09
478 32 272 96 64 2.21
478 20 80 120 80 1.7
480 96 208 96 64 2.32
480 96 320 96 64 2.41
480 20 60 120 80 2.39
481 40 160 120 80 1.55
482 40 100 120 80 0.56
484 0 40 240 160 0.74
486 26 320 160 106 1.53
487 266 160 160 106 2.37
488 0 40 240 160 1.46
490 133 213 160 106 1.27
491 40 40 120 80 0.53
491 160 100 120 80 2.14
495 40 80 240 160 2.83
497 26 106 160 106 3.48
498 20 180 120 80 0.67
500 96 112 96 64 3.18